CC       = cc
CFLAGS   = -Wall -Wextra -Werror -I.
DEBUG    = -fsanitize=address -g
NAME     = push_swap
SRCS     = $(wildcard *.c)
OBJS     = $(SRCS:.c=.o)
INCS     = push_swap.h

$(NAME): $(OBJS)
	$(CC) $(CFLAGS) $^ -o $@

all: $(NAME)

%.o: %.c $(INCS)
	$(CC) $(CFLAGS) -c $< -o $@

clean:
	rm -f $(OBJS) $(BONUS_OBJS)

fclean: clean
	rm -f $(NAME)

re: fclean all

test: $(NAME) clean
	./$(NAME) 1749860451 -12962008 745673882 -90728817 -686997495 2054609771 -130803817 1895327487 -430724413 -1366291219 -575857098 -1124261788 -1460200055 -1548397683 1738605314 -1201205276 -12061274 133488190 2119140047 1270905321 193373913 1940567281 -629675530 -1020575126 1488304276 -329539186 -1020180314 -547309368 -1100883751 1468611909 -1568977150 -526112107 -676482167 -625743215 -1456600204 729192133 -1189176450 -333955294 617719571 -2086554540 -1829785399 -406983992 401547588 126807349 -635959007 -271829182 796302396 -1668195806 -2087422552 364263834 2115506896 1299548284 256757623 1986490376 389660913 969578186 785296940 -2093193142 1726816976 630942275 302063771 -856204096 -270267750 2076397156 -1302663550 2107729340 -637657411 1888488993 1864789503 -771848826 -706744497 1707590121 1044832650 -1834676535 -243150693 720705135 -1381938356 1499769938 1905391722 723393067 -270166249 -1678022879 192777302 -1238237691 -754988375 2134713436 -1681268680 28754474 459403808 1212470907 -208216813 -17025003 898211894 -267951436 -1900549507 1502105627 2065123177 105466235 -844972977 1027657756 -1628661958 1961020879 -1671042833 1808923825 -1096100108 -1859914373 35614304 -1871739612 448819877 -1557141829 1329691463 1766732053 -444859206 1511726650 1776065179 2092918400 559777928 1405079358 1205117313 517651665 -968792118 -716451548 -1208893856 2006991015 1305392825 -2015200454 -1607768166 91040142 528058785 -1660062489 816485566 326462521 419805785 -690050303 -1150500759 -2077135182 216129821 -1248242534 -1685909970 -1609905813 1158475790 -2140021642 116283292 623308271 1698154858 -1245055216 1379321883 -583847495 696050732 -661370656 -1795605838 1591435536 -1462776625 471106285 190343587 1679700766 67990826 -1219151986 2026227711 -1403795433 -2064192676 1017467016 476435073 1708675805 7647943 733402856 1537836997 1288043125 1998439537 523212267 -1738789833 -415938285 1843004721 -1301194660 -1930802509 -980974653 -1874892637 -771279062 -224049401 1365409405 -449940018 2109915871 1800011000 -956895927 1938531567 -1983985066 -947780507 -522341113 -87354229 -2069588665 2126291561 -1004432147 -159985021 1935154505 -801094304 1255990624 531576393 1498939235 -1266902063 -1975024053 1677929465 -1758230133 -1131301329 1143474238 -145536396 1778783598 1432041775 -240336027 -27064368 -118032503 2118110755 1120321830 -1710040849 1044976192 12103625 -1535080709 664628568 -1074193332 -200545283 1257819674 -252611944 -2093264017 466223013 -648065224 -208699376 -1573674687 -2105794865 -1485539592 -1159324132 -304847636 -419202336 -1001458632 -1710014316 -1257369573 -1083634067 1325580254 -1071661940 1201070733 -1365739850 684160109 772246734 1020962420 -698979624 755728820 -2123662262 1171298802 -1372289364 -1469508946 -2091876444 -1516967237 -1491011565 -440737154 123759969 -1718466967 279989432 965435085 -754508727 91006920 1385172696 -934280941 791154418 -1184411094 -1549439682 1406970201 88158029 467734039 -1150005678 -282441710 -359774906 325271176 1851602682 -682998448 -180733313 -1717368195 1080231228 -334266932 1628957440 800600995 -13806450 -468231954 -925383619 -703970853 -319906100 -434420082 -108838568 1142532855 907324207 -1415136910 766127264 -1703596172 -44258252 1170434550 -554357793 -1483813769 1447185372 685754605 224629645 -62011587 87893853 1827966801 -146747036 -157715406 671223739 -858907133 361257276 1978207464 -1754888520 -1605633055 851938998 1496179347 1562650387 -739513906 1094829665 -215455320 -248517252 -1826239246 -927957675 -1949576024 -972192304 1663712236 1953988031 694327961 1064292813 -1003806616 -2043233048 -1624768663 -724157057 1871409215 -1186888888 -1597441155 338649972 -315667310 1029141522 242441103 -882069908 79070477 1543981191 -1286345369 -66087357 -1308246637 -1046521227 -2083534189 -1226438471 -579595544 318599311 -1425722748 -322685816 804884160 -1056603081 -1717119413 928308696 -1346381740 -319850803 -1278554029 1944858337 -574318802 -382160920 626672193 696414165 -2391642 -1034168949 -392164135 1919031054 2127501911 1334726007 -64153826 544741356 1287379436 -1129104691 733642499 1912441386 1681704951 43473416 1352979135 -410938738 576848469 1998392163 2671671 702136583 -1287062420 -1549119301 1288801787 1198133633 -2027873123 154701601 -935458433 1970650084 719975904 979581776 159635810 1970502028 421309526 759149230 -1465573520 463584649 1353229908 717697585 1595994910 1289254269 -690049252 -1524563654 1593630721 -1846500934 1984278802 -747551118 -1197333809 1331422371 1497619996 -1687908197 1260969562 -155672225 1047833137 -1099015801 575539627 -10939347 -1565601542 -1128470983 591416282 -377257698 1049372445 -1782716055 -727329792 563747611 -1620501506 -948621873 -170222496 1088863420 -965305680 448456213 1331924780 1162956802 1237990278 -570011287 -785022233 414755417 786377669 901328505 1013454968 2079603810 461409644 -82729730 432256578 -1454182044 1567419568 51817185 -1075499448 4267015 -1809261045 -144358480 -989304873 -1573275045 907986045 1582538867 -1037258875 -1032588712 1307761571 1207290798 -1152942605 -570018430 381665571 1603885563 1369335378 439389200 -1356669601 -228017599 -1318724394 -1370027494 1294470098 499886600 1556874312 -2068019292 878054203 -329022672 459739103 -101765983 828619738 890618510 -249189665 -1482444502 -1778966513 -1659804303 -158332309 44603049 -1323506329 -1753703327 2108362704 -1532225938 -338997051 1637386859 -589538264 2097813977 -1581262086 -242726827 380573625 369244065 1923161807 542850550 129355541 -857623800 -1386603596

error0: $(NAME)
	./$(NAME) "1 2 3 "

error1: $(NAME)
	./$(NAME) " 1 2 3"

error2: $(NAME)
	./$(NAME) "1- 2 3"

error3: $(NAME)
	./$(NAME) "1 -2- 3"

error4: $(NAME)
	./$(NAME) "- 1 2 3"

error5: $(NAME)
	./$(NAME) "1 2 3-"

.PHONY: all clean fclean re test error0 error1 error2 error3 error4 error5
